50 10
40 36 12 16 25 9 8 24 13 19 31 3 18 5 15 11 33 4 6 27 34 21 1 35 17 32 10 14 2 30 29 23 39 22 20 38 7 40 28 37 26
40 25 2 18 40 12 11 30 36 3 6 27 34 17 10 9 16 19 4 32 22 1 35 38 37 28 23 33 14 20 13 7 21 26 39 31 15 8 24 5 29
40 16 32 1 18 10 39 40 38 28 19 15 8 9 7 34 30 22 26 36 33 37 31 17 25 21 6 2 5 13 14 12 20 29 3 27 11 24 4 35 23
40 9 26 21 12 18 11 36 2 13 40 33 20 28 24 23 29 10 14 37 8 1 4 30 25 39 34 15 22 6 27 32 17 16 3 38 7 35 31 19 5
40 29 4 24 20 15 7 6 38 9 36 26 30 3 13 35 19 2 34 28 40 18 11 32 5 25 17 1 12 16 31 37 22 27 14 21 8 23 39 33 10
40 1 11 29 14 22 21 5 3 39 6 33 19 2 40 23 16 13 26 7 31 10 30 4 15 17 36 24 12 8 20 34 32 27 9 35 25 38 28 37 18
40 38 8 37 17 21 25 9 39 19 20 31 16 28 32 11 7 40 10 5 6 22 27 34 23 1 3 2 30 15 4 12 35 29 14 26 33 36 13 18 24
40 5 8 17 28 9 21 31 40 11 3 20 15 25 10 23 24 6 4 30 33 7 39 12 14 37 32 22 27 35 16 34 29 36 19 2 38 13 18 1 26
10 47 42 48 46 45 43 44 49 41 50
40 33 18 38 17 6 11 35 26 25 30 23 7 1 12 39 2 31 15 9 32 36 14 19 37 13 16 22 29 3 24 4 10 20 5 8 28 34 40 21 27
40 12 27 26 17 19 1 20 34 33 24 39 28 32 9 40 7 23 5 16 6 8 25 30 10 35 29 13 21 4 2 18 3 22 11 14 15 36 37 31 38
40 34 18 13 15 19 16 8 9 11 36 30 6 27 21 28 1 10 22 12 26 14 3 32 35 23 38 40 5 7 4 33 29 25 2 39 24 17 20 37 31
10 50 49 45 48 43 46 42 44 41 47
40 32 38 21 19 2 4 11 12 30 15 33 36 7 37 1 14 8 25 24 29 39 5 6 31 10 28 22 40 23 13 18 27 35 34 26 3 9 20 17 16
40 36 3 39 13 5 20 6 7 17 15 31 40 37 4 34 12 32 33 23 27 11 1 24 38 9 29 28 18 35 2 30 25 8 16 26 14 19 21 22 10
10 42 47 41 44 43 48 45 46 49 50
40 33 7 18 39 19 5 2 32 29 25 4 22 8 37 24 40 31 21 13 26 34 16 35 28 1 20 11 30 14 38 17 36 6 23 9 15 27 12 10 3
40 29 15 4 23 28 18 36 40 38 2 37 25 13 26 11 10 16 31 24 35 12 14 32 5 6 33 19 1 3 9 7 27 34 30 21 8 39 20 17 22
40 5 29 8 3 12 31 28 36 39 27 37 7 38 35 19 22 13 30 17 32 23 40 6 11 26 34 2 4 1 15 16 24 20 21 10 25 33 14 9 18
10 48 47 50 45 41 42 43 44 49 46
40 31 26 29 27 38 28 20 22 33 40 23 25 18 19 32 15 8 10 1 36 30 34 24 37 9 12 21 14 5 16 7 2 35 4 11 17 13 39 6 3
10 44 43 48 42 41 46 47 45 50 49
40 14 8 1 37 19 16 31 20 26 11 38 36 40 23 7 28 5 3 24 25 32 22 27 9 21 6 34 17 4 39 2 12 13 10 18 15 33 29 35 30
40 4 10 40 38 35 11 5 2 37 23 31 39 27 24 17 29 18 9 33 19 1 36 7 26 13 16 12 3 14 8 15 20 30 21 28 22 32 6 25 34
40 36 20 17 19 22 34 8 37 35 25 27 23 3 18 13 5 11 10 14 28 38 12 2 16 30 39 40 6 26 4 1 33 31 7 9 32 24 29 15 21
40 15 8 17 24 16 14 11 33 2 6 39 40 4 7 3 13 35 36 22 34 29 19 20 21 37 18 10 27 5 25 1 12 9 23 32 38 31 30 26 28
40 31 19 28 40 21 30 10 1 11 34 36 14 20 38 8 4 12 29 15 7 27 35 32 16 13 23 39 6 24 18 22 2 26 25 17 33 3 5 37 9
10 43 50 42 44 49 45 41 48 46 47
40 17 34 28 19 21 37 7 36 10 20 39 9 38 32 8 3 31 2 25 23 24 5 30 4 13 1 35 16 11 14 40 6 22 18 15 26 33 29 27 12
10 50 45 42 43 46 47 49 44 48 41
40 29 19 2 27 5 1 34 33 35 25 13 37 12 23 3 11 16 8 40 36 24 9 6 15 18 30 7 21 38 4 32 20 22 28 17 10 14 31 39 26
40 12 16 40 25 33 37 28 26 15 29 13 18 39 36 5 34 1 4 24 6 17 3 30 38 10 11 9 2 31 8 22 35 32 23 20 7 27 14 21 19
40 40 12 25 24 7 8 32 9 3 19 29 38 16 35 37 18 6 5 27 22 39 36 4 34 15 30 31 28 17 11 20 26 14 10 23 13 33 21 2 1
40 30 33 5 38 1 23 8 7 4 34 2 11 28 29 39 40 10 37 3 22 21 17 35 16 24 6 20 26 27 25 12 18 15 32 9 13 36 31 19 14
40 26 37 5 23 7 20 21 8 29 38 1 13 40 16 12 34 4 15 18 6 2 14 36 10 35 19 32 31 17 9 27 22 39 30 25 3 24 11 33 28
10 42 50 45 41 49 47 44 46 48 43
40 34 14 7 2 11 31 24 26 16 25 30 6 29 12 37 15 22 28 23 38 18 40 21 13 39 32 9 1 36 33 5 20 19 10 8 35 4 3 17 27
40 5 37 23 4 38 25 10 40 28 14 34 8 18 36 13 35 3 32 12 33 27 30 22 20 11 39 6 26 9 7 19 16 24 29 17 15 21 31 2 1
10 49 45 47 42 50 46 41 43 44 48
40 5 38 21 7 39 27 31 12 24 9 13 1 36 8 37 2 15 23 10 14 20 17 6 25 40 29 11 22 18 32 33 28 19 30 4 35 26 34 16 3
40 31 21 40 2 24 9 28 17 16 27 20 23 26 13 33 4 34 30 18 15 19 14 35 29 36 32 38 11 5 25 6 22 10 39 7 3 37 1 12 8
40 33 30 24 10 9 27 8 22 5 3 25 28 7 26 39 32 20 2 1 15 12 36 19 37 21 6 38 4 16 35 17 11 40 14 34 29 31 18 23 13
10 50 44 49 42 45 46 41 43 47 48
40 8 15 4 31 14 30 29 17 7 35 2 34 19 21 11 37 27 1 3 18 20 40 32 16 23 24 5 9 36 26 22 33 10 12 6 39 38 25 28 13
40 26 6 18 21 14 9 11 28 36 13 38 35 23 19 30 27 32 12 39 22 3 37 15 2 31 10 29 1 40 25 17 5 7 20 33 8 4 24 16 34
40 3 2 38 25 30 40 33 28 37 17 29 7 36 11 35 10 18 5 4 39 15 19 27 24 26 9 22 13 12 34 16 6 20 1 21 32 23 8 14 31
40 23 37 33 3 39 28 9 7 4 18 26 5 6 30 2 35 27 12 25 40 8 32 16 36 38 20 29 13 21 1 19 10 24 11 34 17 14 15 31 22
40 26 32 19 18 33 7 29 35 10 25 36 6 28 5 37 21 20 40 23 34 22 30 38 24 16 39 27 2 31 15 13 4 14 8 12 1 17 11 3 9
40 33 18 3 25 38 26 2 23 37 39 7 30 14 31 19 5 34 9 11 12 40 27 20 29 21 16 32 8 28 1 36 6 15 17 22 13 4 24 35 10
10 44 43 45 48 41 47 42 50 46 49
28 19 10 46 14 8 16 3 23 30 2 42 35 38 32 50 7 25 40 5 37 33 49 41 6 27 15 26 17
42 35 26 14 32 28 42 43 9 39 48 15 6 45 10 7 30 23 20 46 1 29 19 22 16 2 18 44 37 4 11 21 12 49 5 3 34 31 33 13 36 8 17
30 13 4 46 45 44 22 20 3 21 28 36 19 16 48 32 11 10 15 9 40 12 38 5 42 26 35 14 50 39 7
42 7 29 34 22 47 14 13 43 40 49 42 10 23 12 18 4 24 19 9 31 32 16 6 39 20 48 28 44 25 11 50 15 38 5 30 8 35 27 1 26 46 33
34 10 6 1 13 26 38 34 41 40 11 49 46 19 2 21 47 39 44 20 4 31 42 45 8 43 33 3 5 25 22 16 50 18 32
15 21 39 18 49 34 29 6 5 13 2 33 9 17 24 43
39 32 35 36 49 1 46 14 39 45 43 18 8 6 25 38 13 44 11 30 12 37 23 4 31 7 48 29 21 17 34 41 24 27 19 9 42 22 40 16
46 1 2 3 4 5 6 7 8 9 10 11 12 13 14 15 16 17 18 19 20 21 22 23 24 25 26 27 28 29 30 31 32 33 34 35 36 37 38 39 40 42 44 46 47 48 49
44 1 2 3 4 5 6 7 8 9 10 11 12 13 14 15 16 17 18 19 20 21 22 23 24 25 26 27 28 29 30 31 32 33 34 35 36 37 38 39 40 44 45 46 47
44 1 2 3 4 5 6 7 8 9 10 11 12 13 14 15 16 17 18 19 20 21 22 23 24 25 26 27 28 29 30 31 32 33 34 35 36 37 38 39 40 46 47 48 49
