80 20
16 72 69 67 74 75 73 78 66 65 80 70 68 71 77 76 79
64 34 26 28 61 41 43 29 55 49 48 19 40 46 25 54 51 8 37 5 2 15 33 50 38 24 13 11 53 4 23 62 22 45 32 18 3 12 60 17 7 64 36 44 27 42 35 47 30 57 14 16 1 9 58 21 20 39 59 52 63 56 31 6 10
64 23 31 11 8 35 40 19 25 16 49 54 29 61 18 58 55 34 3 9 51 46 43 39 62 27 59 50 17 57 47 28 36 30 22 1 48 13 41 7 33 42 24 20 21 6 10 60 2 37 64 14 44 26 32 4 12 45 56 5 53 52 15 63 38
64 9 34 15 21 24 58 29 1 16 44 31 11 45 35 4 17 27 10 47 61 3 20 52 59 63 39 12 57 36 64 51 43 14 56 32 22 26 19 8 62 53 13 33 30 50 6 37 7 40 46 23 42 49 54 25 2 18 48 38 41 28 60 55 5
64 58 62 54 16 52 15 24 30 14 43 37 2 55 11 63 41 12 5 60 38 48 8 56 26 64 50 39 9 10 36 47 21 23 13 31 17 51 18 19 44 6 45 57 59 27 46 61 49 22 20 35 29 53 34 25 7 1 33 28 32 40 3 42 4
64 51 49 26 63 43 32 53 62 46 12 17 7 34 15 58 36 57 24 47 29 39 44 30 8 22 5 38 1 28 54 48 18 4 33 2 27 55 42 16 45 37 6 13 50 41 11 3 25 9 64 60 40 21 31 56 61 52 14 20 10 59 23 35 19
64 17 47 18 32 55 26 28 9 7 24 37 51 1 45 25 52 44 64 43 42 15 48 34 29 46 59 63 22 60 40 30 21 19 38 12 10 57 23 27 3 16 62 54 50 6 33 2 56 5 13 41 61 35 53 31 11 39 8 49 20 58 14 36 4
64 20 33 38 21 47 43 25 5 6 54 36 62 63 24 27 13 42 29 19 46 28 34 17 10 49 23 18 16 40 37 1 15 41 48 11 9 35 55 39 60 58 57 64 7 8 12 4 59 31 44 51 14 3 30 22 45 32 50 2 61 26 52 53 56
16 78 69 72 65 67 75 70 66 79 74 77 68 76 80 71 73
64 9 11 23 8 50 58 42 38 31 24 22 62 40 61 51 17 18 54 1 30 25 28 36 19 43 47 6 53 45 26 2 56 60 35 44 59 20 15 33 34 12 14 57 13 21 27 55 41 16 32 39 37 5 10 29 64 49 46 3 52 7 63 48 4
64 50 34 52 47 21 42 4 33 15 22 54 48 5 44 41 20 18 3 62 36 2 40 53 32 46 49 26 8 45 51 56 59 25 19 43 17 1 60 16 10 24 29 57 63 35 11 31 61 64 37 9 7 6 12 23 14 27 30 58 13 39 28 38 55
64 54 62 24 36 32 45 7 58 46 10 1 11 18 2 30 16 23 48 39 3 42 52 55 51 25 28 22 49 8 37 9 14 27 50 20 63 6 47 34 5 17 43 40 19 41 56 61 38 33 13 26 57 21 44 15 60 31 12 53 59 64 29 4 35
64 11 61 20 32 53 52 48 63 2 46 28 6 60 54 23 57 26 3 38 18 10 27 43 13 55 59 37 49 17 7 30 36 45 51 31 29 14 62 25 4 16 12 44 47 39 19 64 5 24 50 1 40 33 21 34 42 9 58 22 8 35 56 41 15
64 54 36 51 7 22 6 27 49 57 25 29 17 11 9 46 33 24 14 13 19 53 42 28 43 50 61 20 21 60 58 59 8 52 47 31 62 41 5 4 56 30 35 32 2 15 1 12 18 64 48 38 44 3 10 34 16 37 40 63 55 39 23 26 45
64 26 49 52 9 35 58 39 7 44 41 47 30 32 34 64 20 25 12 10 37 17 2 38 23 62 14 56 50 21 19 27 33 13 8 1 53 57 5 29 4 61 36 31 28 6 51 48 55 42 45 11 15 40 63 24 3 59 18 22 43 46 60 54 16
64 33 4 2 35 48 40 5 21 11 44 31 45 59 22 16 42 30 19 25 54 1 46 52 41 60 64 3 61 62 9 15 17 20 8 29 37 28 39 26 43 32 53 7 38 51 49 34 6 18 63 36 55 23 56 13 12 50 14 24 58 27 47 57 10
16 71 72 78 70 66 75 79 74 73 65 68 77 67 80 76 69
64 24 23 55 9 47 27 10 40 22 49 31 29 61 57 36 8 13 15 60 46 37 52 19 48 51 4 32 59 17 43 35 30 62 18 26 28 58 2 33 21 64 34 16 42 44 41 6 54 12 53 39 11 56 3 45 25 50 1 63 38 14 20 7 5
16 72 67 65 69 70 80 75 74 79 71 76 78 66 68 73 77
64 34 59 12 36 58 14 17 62 29 40 5 21 2 44 50 6 31 1 33 57 7 46 3 41 9 37 18 22 49 19 35 20 56 60 4 10 8 54 13 47 15 27 11 52 24 16 23 43 64 26 61 30 55 42 53 25 51 48 63 45 38 32 39 28
64 55 33 36 52 46 56 43 59 64 30 28 58 34 50 1 61 44 21 51 26 15 2 48 3 47 11 29 24 25 23 41 35 7 16 14 32 19 62 10 18 60 13 12 17 37 39 27 54 31 6 40 38 45 5 42 22 57 20 8 53 4 9 49 63
16 66 80 69 78 72 65 68 74 71 79 73 76 75 77 67 70
16 76 78 80 71 77 74 68 79 75 73 72 70 66 65 67 69
64 36 26 6 52 46 63 37 34 56 53 19 29 31 59 47 14 27 18 42 22 60 39 45 8 24 13 5 62 2 64 21 38 40 11 28 15 33 7 58 1 49 30 44 41 50 9 25 61 16 48 35 43 32 12 54 10 4 17 3 57 20 23 55 51
64 24 62 64 58 40 11 52 19 51 22 59 14 18 1 61 48 16 20 57 25 50 30 5 63 56 44 33 29 37 15 7 41 43 17 39 47 13 28 34 6 31 35 45 2 4 49 53 26 46 12 3 10 8 23 9 38 36 27 60 42 55 21 32 54
64 2 55 56 11 44 22 1 19 42 10 16 61 48 53 60 62 6 63 32 38 39 45 21 8 3 23 34 37 14 13 64 49 50 35 46 52 18 27 40 9 47 17 28 12 59 25 58 15 51 41 33 26 29 54 57 20 31 7 43 4 36 5 24 30
16 76 73 68 75 66 69 79 70 72 77 67 74 65 71 80 78
16 78 68 76 79 66 70 72 69 80 65 77 75 67 74 71 73
64 62 17 29 44 36 21 46 52 50 43 41 4 54 42 33 18 15 16 53 7 64 8 5 26 30 23 49 55 31 10 27 38 56 22 3 6 48 45 40 51 57 60 13 19 2 47 59 12 34 58 35 14 25 9 63 39 11 20 37 61 1 28 24 32
64 36 58 2 34 54 50 37 20 10 5 27 11 31 30 48 9 17 32 44 51 14 56 23 55 45 62 15 52 21 7 39 8 24 26 38 25 16 22 4 63 57 61 6 47 64 49 42 35 60 3 40 29 19 59 13 28 46 12 43 1 41 53 18 33
64 16 37 30 38 36 44 32 9 22 23 28 24 13 11 33 45 35 42 3 41 6 1 46 29 57 34 48 63 7 19 59 61 47 62 4 25 17 12 52 10 18 56 14 40 55 27 15 21 39 26 64 49 43 2 51 20 60 31 53 58 8 54 5 50
16 77 74 70 67 66 75 73 76 79 71 69 72 68 78 65 80
16 71 74 67 70 73 72 79 76 78 66 69 75 65 80 68 77
64 31 7 51 18 17 54 33 14 44 58 37 55 63 1 8 19 62 59 40 2 43 60 64 13 49 25 6 56 22 15 20 53 9 41 50 28 42 45 11 52 4 12 38 39 57 10 23 26 35 61 27 36 32 46 48 5 29 21 3 16 47 30 24 34
64 7 43 41 2 35 64 9 47 34 46 59 28 5 25 20 31 16 14 24 57 11 49 26 6 8 50 33 10 52 3 63 55 21 36 62 30 44 48 54 13 38 61 17 51 29 40 19 18 4 39 27 37 58 42 12 45 53 60 15 1 23 56 22 32
64 19 11 62 33 20 48 26 2 21 59 61 28 7 24 29 57 55 38 56 39 10 36 12 30 22 16 54 60 23 8 18 32 45 43 40 13 9 6 3 34 42 37 35 31 52 15 64 41 53 4 44 17 5 51 58 27 47 46 49 50 1 25 63 14
64 9 63 61 58 47 33 52 7 38 49 36 14 59 40 22 35 20 18 25 29 23 30 44 51 31 54 12 11 16 19 4 53 41 37 46 48 10 57 5 6 1 43 64 60 39 34 13 17 24 28 55 45 42 62 27 50 3 26 56 2 21 15 8 32
64 4 59 25 39 42 61 12 24 2 26 41 52 30 49 56 35 45 16 14 57 20 23 32 37 5 21 31 44 38 51 55 64 34 63 13 11 50 18 40 8 3 54 15 33 17 53 47 22 46 6 28 10 1 43 29 60 7 58 62 19 27 36 9 48
64 15 60 64 62 3 32 19 59 45 17 14 31 47 10 49 16 21 63 43 54 61 52 30 34 4 6 58 57 20 33 40 28 5 12 55 48 1 51 56 53 38 41 29 37 23 18 22 9 2 11 26 24 50 44 7 35 46 25 42 13 8 39 27 36
16 67 68 71 76 65 75 70 78 73 72 77 69 80 66 79 74
16 75 76 74 79 72 78 67 68 69 70 66 80 77 65 73 71
64 21 52 2 26 30 46 8 42 5 62 12 50 4 63 51 31 10 32 48 34 36 9 27 47 56 1 13 24 14 55 41 49 58 19 59 53 18 60 39 16 61 23 17 29 45 33 38 20 7 25 57 28 6 15 22 40 54 44 64 43 3 35 11 37
64 62 46 52 5 51 47 21 1 11 29 6 39 22 54 64 37 7 50 13 38 12 45 24 60 57 63 61 59 30 56 18 14 20 19 44 32 35 42 28 41 27 17 2 33 43 8 4 15 25 49 10 31 36 23 48 26 34 53 9 58 40 55 3 16
64 38 61 36 2 26 13 22 43 39 49 58 6 59 37 14 1 53 47 51 16 40 17 5 34 48 20 4 10 57 35 62 45 18 21 46 64 27 63 25 24 3 50 33 54 19 42 7 29 9 15 56 52 28 41 30 23 8 44 31 11 32 12 60 55
16 72 80 67 73 75 66 65 77 68 70 79 76 69 78 74 71
64 41 49 32 7 19 11 61 33 3 48 2 23 17 9 38 6 4 1 62 36 16 51 58 52 43 47 59 50 18 37 35 25 56 53 12 44 60 15 42 5 31 22 57 30 39 26 21 64 8 40 28 34 13 27 54 63 14 24 29 46 45 20 55 10
64 21 14 46 41 44 39 60 26 5 19 61 23 64 29 28 47 8 59 63 13 11 57 9 31 54 53 17 10 12 34 6 20 25 56 30 15 43 35 52 38 7 3 36 48 42 40 2 27 49 51 50 37 62 58 32 22 1 24 55 45 4 33 16 18
64 10 28 5 60 56 31 43 40 47 46 58 35 32 34 24 54 11 12 1 27 51 3 14 4 17 2 20 9 25 13 61 21 38 22 23 57 39 19 18 41 50 63 62 7 48 26 42 49 44 64 55 37 8 16 15 59 33 30 36 6 45 53 29 52
64 19 45 21 24 40 34 37 33 62 11 25 28 3 1 39 17 49 57 16 30 26 14 44 27 20 47 59 35 41 5 22 36 51 60 31 18 7 53 32 29 58 55 52 13 8 61 64 43 6 48 54 2 46 38 10 4 56 12 23 63 9 42 15 50
64 43 40 4 33 55 51 59 46 19 13 20 25 8 56 60 62 48 18 17 34 32 35 14 22 49 21 2 57 50 31 16 27 15 3 54 7 42 26 41 52 64 53 28 24 29 5 38 45 39 47 1 12 44 6 10 36 9 63 30 37 23 58 11 61
16 65 73 77 79 78 68 67 74 66 69 70 71 75 80 72 76
64 57 60 13 28 12 47 23 20 16 48 21 26 3 36 25 8 40 51 44 38 29 5 54 59 10 41 52 37 27 34 11 39 63 15 2 14 45 53 42 46 33 1 9 50 49 18 32 43 61 55 62 56 6 22 19 35 17 24 58 30 64 31 4 7
64 50 59 64 34 9 63 28 61 15 58 46 40 33 8 20 17 18 32 5 62 1 35 60 39 45 43 21 3 31 6 54 22 23 42 38 16 51 11 24 12 55 25 2 37 53 48 29 56 52 4 36 57 30 49 19 44 41 10 7 13 26 14 47 27
64 53 9 47 40 51 34 52 39 19 32 58 30 14 21 15 36 27 43 20 24 1 50 54 42 2 64 8 10 56 38 33 29 46 6 37 11 59 48 55 13 35 44 61 18 60 16 49 62 23 28 5 22 7 12 26 63 4 57 31 3 25 41 17 45
64 47 15 52 37 23 42 17 41 16 7 13 26 40 35 45 36 30 3 1 48 19 59 29 55 18 64 57 49 43 9 27 62 46 6 21 22 63 24 50 12 54 33 8 28 39 25 20 14 53 5 2 31 56 34 38 11 4 60 58 32 10 61 44 51
64 4 64 44 2 32 62 34 54 53 16 42 6 48 30 37 15 22 14 31 43 59 61 20 52 13 41 18 29 56 26 8 38 60 46 7 17 19 63 45 10 47 36 33 1 40 50 12 23 51 25 55 57 21 5 49 35 27 24 58 3 9 28 39 11
64 12 59 41 30 33 8 9 42 10 53 45 25 47 51 13 52 16 24 11 18 15 46 60 44 48 54 56 61 49 20 64 43 29 37 19 14 55 27 6 21 3 35 36 58 5 34 4 63 28 31 22 2 23 39 57 17 50 40 38 32 62 7 26 1
64 11 4 53 64 51 61 5 33 40 55 12 63 29 32 57 1 62 37 6 9 22 26 28 43 14 39 24 27 50 60 3 54 47 58 36 31 56 46 16 17 10 13 45 20 34 18 30 7 49 41 23 59 21 48 15 52 38 25 42 19 2 35 44 8
64 44 63 2 27 11 26 60 12 30 5 23 50 49 42 4 9 41 47 14 40 51 55 22 8 17 54 58 33 39 21 43 29 18 28 62 48 45 15 13 25 3 52 56 32 38 46 61 64 53 34 10 31 7 57 6 1 24 16 35 36 37 20 59 19
64 15 60 58 63 19 30 5 61 8 27 64 48 44 40 14 9 20 37 10 54 6 18 33 59 46 12 38 50 24 7 31 11 26 53 43 57 3 4 34 36 39 29 47 25 52 23 2 62 22 17 1 21 56 55 28 13 49 45 42 51 41 16 35 32
64 50 46 27 45 19 14 62 2 9 41 53 48 6 28 15 51 21 7 32 18 30 16 40 13 24 39 20 23 17 38 61 55 22 56 64 1 49 29 3 57 34 10 4 31 5 43 8 44 63 12 33 58 54 52 26 36 37 42 59 11 47 35 60 25
16 76 79 70 71 80 77 68 69 65 67 66 73 72 74 78 75
64 18 24 40 4 13 21 42 46 35 29 16 32 51 19 28 62 26 6 37 61 27 39 23 20 52 2 31 12 58 56 14 3 41 10 49 45 47 53 1 22 36 38 64 33 15 57 54 7 50 48 43 60 25 30 17 11 59 44 34 55 9 5 63 8
64 45 25 8 23 46 34 58 38 32 15 5 14 9 48 37 30 6 29 42 40 13 11 55 51 7 61 49 64 53 21 28 31 63 39 1 50 2 24 57 35 20 26 17 18 56 36 62 59 12 54 33 47 41 16 19 27 4 3 60 44 10 43 52 22
64 39 50 17 58 9 27 40 3 64 33 25 47 35 7 51 37 23 19 14 56 4 6 38 22 8 61 59 10 42 55 2 62 29 63 53 41 57 46 52 18 28 11 48 12 32 31 5 54 34 15 45 30 60 21 24 43 44 13 36 1 26 20 16 49
64 45 41 42 12 33 16 60 5 40 51 61 57 39 21 63 1 35 18 47 29 38 15 56 4 20 24 36 23 2 17 48 3 19 30 46 7 10 53 14 54 64 26 43 28 11 62 31 55 32 49 59 52 27 25 8 50 34 22 44 9 58 6 37 13
16 73 78 68 66 65 77 71 70 75 67 72 74 76 79 80 69
64 52 6 46 30 51 12 1 37 60 27 38 53 25 32 47 61 21 22 15 8 18 4 44 59 36 10 9 34 54 45 5 17 14 63 55 33 28 49 24 16 2 31 43 26 20 11 48 42 40 23 56 64 29 13 57 39 3 41 62 58 19 50 35 7
64 60 47 1 36 58 62 13 3 14 12 63 8 35 10 19 42 45 9 31 20 32 30 28 54 40 61 25 2 39 41 15 34 50 64 22 29 18 55 11 46 44 26 57 5 16 6 49 4 38 24 43 52 37 56 7 51 17 33 27 21 53 59 48 23
64 32 3 35 19 6 18 38 59 33 54 44 46 9 62 51 7 45 53 34 24 5 14 36 60 12 1 16 27 8 58 31 29 11 37 48 20 50 39 22 30 28 49 61 21 57 13 17 56 26 42 64 2 47 23 25 41 55 43 63 52 10 40 15 4
64 54 6 7 21 63 36 11 31 20 18 58 57 9 64 47 49 50 16 28 1 26 60 62 42 59 29 44 48 39 45 25 5 46 15 14 23 34 22 17 51 19 35 52 2 37 53 32 40 8 24 43 10 4 41 33 61 56 55 3 30 27 38 13 12
64 8 37 62 48 53 24 16 40 51 2 12 54 33 4 44 36 5 57 13 9 19 26 25 56 6 47 64 3 10 59 1 41 14 11 23 35 45 7 50 22 34 20 55 42 43 61 60 29 39 63 15 46 21 27 28 38 18 31 49 17 30 58 52 32
64 32 36 41 14 1 52 13 57 46 9 38 53 16 44 59 17 55 27 40 23 18 2 20 28 8 37 25 33 61 62 5 21 30 11 12 29 64 56 58 6 49 51 60 43 24 19 54 35 26 50 45 63 31 3 4 39 34 48 42 47 15 10 22 7
64 2 62 19 52 49 41 40 3 54 21 34 51 12 28 4 48 33 8 55 1 35 16 20 32 25 13 24 26 56 63 64 44 36 27 38 45 22 39 14 46 57 43 9 50 17 5 11 18 30 29 6 47 42 10 31 61 15 59 53 60 37 7 23 58
64 14 16 33 26 13 47 20 56 55 31 41 42 4 37 17 5 46 30 32 63 57 24 7 44 25 11 6 53 39 61 35 23 36 21 59 54 34 28 51 52 45 58 29 40 3 27 50 18 49 12 19 38 9 15 43 60 62 8 2 10 64 22 1 48
64 5 59 11 55 24 6 33 9 20 32 4 30 2 57 8 23 36 19 49 62 42 25 31 21 47 63 46 58 1 61 44 50 54 38 37 43 15 3 7 10 60 13 17 52 12 51 22 40 48 18 53 27 35 41 34 29 39 16 45 64 28 26 56 14
64 9 20 59 1 56 36 60 16 12 14 21 39 29 34 40 57 43 6 27 33 15 23 41 42 38 46 45 24 2 30 64 11 13 25 48 10 3 63 28 58 51 19 37 32 18 35 26 7 62 61 54 5 4 17 47 44 49 55 22 8 53 31 50 52
64 22 23 16 4 62 57 35 54 40 1 55 7 3 18 34 36 46 52 42 37 60 43 20 12 14 17 41 21 51 33 44 5 32 31 10 53 29 50 26 15 27 64 63 61 19 45 59 2 48 9 11 30 24 38 49 6 8 28 13 58 47 56 39 25
64 12 48 30 60 46 32 56 4 42 11 57 64 27 52 41 34 19 49 61 22 16 63 10 26 40 45 20 28 62 59 50 5 43 58 47 15 36 24 18 9 37 3 14 54 29 6 39 1 25 35 33 7 2 8 55 31 38 21 13 44 23 17 51 53
16 73 77 70 75 72 71 69 76 67 74 66 68 78 80 65 79
42 64 15 66 23 16 61 12 26 52 72 24 43 7 49 78 62 18 73 35 55 28 21 4 42 69 32 2 5 56 27 29 19 31 44 20 54 45 58 38 80 68 3
44 9 30 52 45 11 66 6 46 35 80 57 62 79 3 8 65 38 69 21 17 1 19 61 36 51 74 43 42 26 37 48 67 40 49 31 53 15 50 44 47 27 73 56 75
76 4 70 40 32 41 69 47 34 10 55 35 44 2 76 58 25 11 75 21 19 57 79 15 38 24 74 14 62 71 67 48 18 1 5 77 33 20 51 13 45 49 52 23 66 65 72 64 80 61 26 22 29 27 30 73 28 46 7 12 43 17 9 53 16 37 54 78 42 56 6 3 36 8 60 39 50
29 67 58 73 54 65 74 46 34 22 57 19 32 64 21 16 40 49 72 29 61 31 70 20 75 1 52 30 62 71
2 54 71
66 63 41 80 28 47 52 57 68 65 3 43 35 39 44 46 6 27 30 69 17 18 9 49 11 5 12 73 64 79 26 74 61 24 16 22 53 13 77 38 19 37 40 21 14 36 51 48 50 55 45 20 31 34 66 58 8 62 4 23 33 42 54 7 60 1 56
19 69 25 68 24 61 19 64 43 66 37 6 45 48 3 23 28 5 40 22
74 1 2 3 4 5 6 7 8 9 10 11 12 13 14 15 16 17 18 19 20 21 22 23 24 25 26 27 28 29 30 31 32 33 34 35 36 37 38 39 40 41 42 43 44 45 46 47 48 49 50 51 52 53 54 55 56 57 58 59 60 61 62 63 64 65 66 69 71 73 74 75 78 79 80
73 1 2 3 4 5 6 7 8 9 10 11 12 13 14 15 16 17 18 19 20 21 22 23 24 25 26 27 28 29 30 31 32 33 34 35 36 37 38 39 40 41 42 43 44 45 46 47 48 49 50 51 52 53 54 55 56 57 58 59 60 61 62 63 64 65 66 67 71 72 74 75 78 80
71 1 2 3 4 5 6 7 8 9 10 11 12 13 14 15 16 17 18 19 20 21 22 23 24 25 26 27 28 29 30 31 32 33 34 35 36 37 38 39 40 41 42 43 44 45 46 47 48 49 50 51 52 53 54 55 56 57 58 59 60 61 62 63 64 65 67 68 72 73 74 76
69 1 2 3 4 5 6 7 8 9 10 11 12 13 14 15 16 17 18 19 20 21 22 23 24 25 26 27 28 29 30 31 32 33 34 35 36 37 38 39 40 41 42 43 44 45 46 47 48 49 50 51 52 53 54 55 56 57 58 59 60 61 62 63 64 65 67 68 71 73
72 1 2 3 4 5 6 7 8 9 10 11 12 13 14 15 16 17 18 19 20 21 22 23 24 25 26 27 28 29 30 31 32 33 34 35 36 37 38 39 40 41 42 43 44 45 46 47 48 49 50 51 52 53 54 55 56 57 58 59 60 61 62 63 64 65 72 74 75 76 77 79 80
70 1 2 3 4 5 6 7 8 9 10 11 12 13 14 15 16 17 18 19 20 21 22 23 24 25 26 27 28 29 30 31 32 33 34 35 36 37 38 39 40 41 42 43 44 45 46 47 48 49 50 51 52 53 54 55 56 57 58 59 60 61 62 63 64 66 67 70 72 76 77
72 1 2 3 4 5 6 7 8 9 10 11 12 13 14 15 16 17 18 19 20 21 22 23 24 25 26 27 28 29 30 31 32 33 34 35 36 37 38 39 40 41 42 43 44 45 46 47 48 49 50 51 52 53 54 55 56 57 58 59 60 61 62 63 64 67 68 69 70 73 74 77 78
76 1 2 3 4 5 6 7 8 9 10 11 12 13 14 15 16 17 18 19 20 21 22 23 24 25 26 27 28 29 30 31 32 33 34 35 36 37 38 39 40 41 42 43 44 45 46 47 48 49 50 51 52 53 54 55 56 57 58 59 60 61 62 63 64 65 66 67 68 69 70 72 73 74 77 78 79
68 1 2 3 4 5 6 7 8 9 10 11 12 13 14 15 16 17 18 19 20 21 22 23 24 25 26 27 28 29 30 31 32 33 34 35 36 37 38 39 40 41 42 43 44 45 46 47 48 49 50 51 52 53 54 55 56 57 58 59 60 61 62 63 64 68 72 75 80
74 1 2 3 4 5 6 7 8 9 10 11 12 13 14 15 16 17 18 19 20 21 22 23 24 25 26 27 28 29 30 31 32 33 34 35 36 37 38 39 40 41 42 43 44 45 46 47 48 49 50 51 52 53 54 55 56 57 58 59 60 61 62 63 64 67 68 69 70 71 73 74 76 77 78
69 1 2 3 4 5 6 7 8 9 10 11 12 13 14 15 16 17 18 19 20 21 22 23 24 25 26 27 28 29 30 31 32 33 34 35 36 37 38 39 40 41 42 43 44 45 46 47 48 49 50 51 52 53 54 55 56 57 58 59 60 61 62 63 64 65 75 76 77 78
73 1 2 3 4 5 6 7 8 9 10 11 12 13 14 15 16 17 18 19 20 21 22 23 24 25 26 27 28 29 30 31 32 33 34 35 36 37 38 39 40 41 42 43 44 45 46 47 48 49 50 51 52 53 54 55 56 57 58 59 60 61 62 63 64 65 69 70 72 73 74 76 77 79
71 1 2 3 4 5 6 7 8 9 10 11 12 13 14 15 16 17 18 19 20 21 22 23 24 25 26 27 28 29 30 31 32 33 34 35 36 37 38 39 40 41 42 43 44 45 46 47 48 49 50 51 52 53 54 55 56 57 58 59 60 61 62 63 64 65 71 72 74 76 77 78
